494.63
158.35
494.63
120.65
494.63
128.91
494.63
225.12
195.14
234.2
179.06
128.91
204.58
464.07
204.58
494.63
430.86
320.12
430.86
464.07
356.17
128.91
225.12
204.58
430.86
225.12
225.12
234.2
195.14
430.86
325.56
325.56
325.56
195.14
204.58
204.58
356.17
128.91
464.07
325.56
128.91
199.68
204.58
320.12
128.91
128.91
430.86
179.06
320.12
234.2
430.86
366.87
175.53
430.86
366.87
356.17
430.86
325.56
128.91
430.86
128.91
234.2
234.2
179.06
430.86
366.87
325.56
464.07
430.86
430.86
234.2
320.12
128.91
494.63
234.2
359.1
158.35
356.17
325.56
204.58
234.2
234.2
234.2
158.35
320.12
430.86
195.14
234.2
179.06
234.2
195.14
325.56
359.1
179.06
325.56
320.12
356.17
225.12
320.12
325.56
742.25
1465.72
621.12
1608.6
1216.36
573.58
1485.59
1465.26
621.12
1477.12
845.35
1477.12
1654.62
1724.68
1608.6
511.23
718.3
845.35
1368.94
845.35
1777.14
1724.68
1185.24
1090.31
845.35
1724.68
742.25
621.12
639.73
1029.87
1584.73
1368.94
1164.2
771.83
1465.72
788.62
1443.96
1724.68
1477.12
718.3
538.36
1282.84
1468.01
1029.87
1038.42
1231.67
1624.01
1547.5
1030.41
1465.72
947.72
1549.82
1045.96
1288.31
1116.8
807.48
1090.31
1282.84
788.62
624.04
1549.82
538.36
1216.36
1282.84
1465.72
1468.46
801.73
621.12
1608.6
406.7
742.25
1030.41
801.73
1116.8
511.23
1468.46
1468.01
621.12
594.93
639.73
1468.01
1282.84
483.34
1608.6
901.36
1156.55
845.35
1030.41
845.35
1288.31
1465.72
1288.31
1029.87
574.1
464.68
1029.87
1038.42
686.54
742.25
1368.94
1894.85
1623.73
1996.18
990.84
1539.77
1925.32
1179.09
1085.4
1260.96
1780.07
1476.48
831.96
1444.13
1229.41
1726.51
1770.37
1558.12
831.96
1625.53
1656.28
993.55
1113.16
1879.09
1823.47
2159.33
1499.24
1110.6
1902.37
924.65
1632.61
751.58
1633.26
1183.74
1572.91
1116.62
1694.37
1487.93
1639.12
1806.06
1635.5
1229.41
1539.77
844.9
1639.12
1625.46
1077.12
1964.86
1787.57
1633.26
1752.72
1366.61
1175.65
1714.8
1623.73
1787.57
1384.78
1453.25
916.02
1179.09
1229.41
1510.91
1649.04
1921.09
1175.65
1558.12
1682.98
1921.09
1189.47
1113.16
1827.18
1656.28
1823.47
1483.77
2214.64
841.27
1037.45
1921.09
1606.63
1483.06
966.87
1880.76
1606.63
1505.19
1827.18
631.81
1950.3
1778.65
1058.5
1685.92
1193.72
1865.67
2016.46
1880.76
2000.42
1152.99
1499.24
831.96
1987.44
1587.21
1615.13
1403.48
1339.72
1313.53
1513.28
1435.96
869
1112.02
1432.79
1416.98
1276.06
1222.41
1165.44
1337.63
866.07
1163.1
905.79
901.36
678.74
1144.41
1346.14
1120.1
771.83
751.16
1337.63
1612.43
866.07
927.98
1395.65
1112.02
1097.95
624.78
715.19
640.56
2279.82
1166.93
667.98
779.66
640.56
901.36
1119.17
751.16
771.83
1251.14
1429.72
905.79
751.16
784.52
640.56
516.69
1202.46
1809.91
1513.28
650.68
1202.46
625.15
748.57
640.56
1515.99
625.15
779.66
779.66
1048.28
1871.76
1251.14
671.06
1686.98
1499.68
866.07
751.16
866.07
1116.62
1163.1
1515.99
1416.98
848.42
972.58
650.68
625.15
743.94
1276.06
676.38
1119.17
866.07
678.74
1116.31
640.56
2279.82
539.36
779.66
1231.67
671.06
901.36
866.07
1353.87
1809.91
1012
1250.66
848.42
1339.72
1559.83
924.65
678.74
847.33
1142.89
1364.54
406.36
781.97
903.3
482.65
1062.52
671.06
1166.93
844.9
971.31
751.58
666.59
982.64
546.04
1606.63
546.04
1038.42
406.36
929.16
1030.13
648.57
1077.35
1142.89
788.53
647
1249.66
647
743.94
1287
784.52
682.22
1837.11
903.3
743.94
844.9
748.57
971.31
837.36
667.85
741.46
666.59
1110.6
624.78
483.34
1395.03
779.66
282.89
255.57
448.34
741.46
1165.44
415.96
1166.93
785.59
707.88
636.19
813.95
813.95
625.15
415.96
802.96
448.34
813.95
1165.44
650.68
198.42
813.95
415.96
1166.93
1163.1
752.69
787.42
1165.44
785.59
785.59
707.88
415.96
755.3
255.57
255.57
693.36
650.68
1361.3
640.56
743.94
787.42
636.19
625.15
448.34
764.64
162.18
363.02
1165.44
667.85
785.59
787.42
1165.44
650.68
752.69
361.66
1165.44
331.74
787.42
625.15
671.06
624.78
1048.28
743.94
625.15
361.66
361.66
671.06
804.96
813.95
755.3
636.51
992.4
785.59
1251.14
363.02
707.88
738.01
624.78
741.46
785.59
363.02
625.15
1166.93
737.28
671.06
332.06
636.51
787.42
255.57
1251.14
625.15
448.34
1048.28
667.85
303.94
707.88
361.66
1166.93
848.42
636.51
787.42
1535.3
1109.32
1168.72
1561.63
1116.8
464.68
751.58
616.24
851.24
1109.32
751.58
1443.96
835.54
686.23
1109.32
850.57
639.73
639.73
850.57
1374.9
807.48
600.23
600.23
830.45
482.65
850.57
1365.73
751.58
1287
648.57
593.83
1168.72
624.04
666.59
1058.5
1478.11
1561.63
835.08
1116.8
1560.78
1499.24
830.45
1019.85
1522.6
835.54
1168.72
511.23
1058.5
1050.25
1156.55
1479.01
600.23
1560.78
1116.8
639.73
1109.32
600.23
600.23
1050.25
1478.11
793.58
1287
1156.55
1539.77
1109.32
686.23
1116.8
1116.8
1452.17
648.57
1560.78
639.73
1312.16
639.73
830.45
511.23
830.45
666.59
830.45
1050.25
845.35
600.23
880.41
1031.34
1058.5
616.24
1500.09
1443.96
835.08
1452.17
574.1
1500.09
600.23
1281.64
835.54
1156.55
600.23
1281.64
1443.96
666.59
2004.34
2279.82
1880.76
1964.86
1807.42
2248.12
2024.2
2072.18
2014.72
1971.23
2073.13
1862.45
1847.26
1862.45
2024.2
1880.76
1780.58
2024.2
1944.62
1794.57
1944.62
1847.26
2279.82
1971.23
1880.76
1776.48
1826.08
2073.13
1718.76
2014.72
1727.1
1727.1
1862.45
1862.45
2014.72
1694.37
1897.87
1880.76
1945.95
1817.77
2004.34
1894.85
1862.45
1780.65
1847.26
1894.85
1851.7
1694.37
2248.12
2047.06
1871.76
1903.76
1776.48
2032.23
2248.12
1897.19
1971.23
2214.64
1776.48
1776.48
1776.48
1826.08
1807.42
1897.19
1971.23
1857.04
1862.45
1807.42
2248.12
1720.21
2164.15
2032.23
1826.08
1862.45
2024.2
2047.06
1809.91
2132.85
1880.76
1776.48
2024.2
1809.91
1780.58
1894.85
2016.46
2004.34
1852.47
1809.91
1776.48
1862.45
1871.76
2132.85
1894.85
1847.26
2024.2
1780.58
1852.47
2014.72
1871.76
1897.19
1295.34
1171.68
924.65
1809.83
1518.93
875.39
1277.26
1189.47
568.17
1780.07
2030.76
1520.73
1847.84
1745.18
1577.55
1921.18
1663.39
1851.7
1758.03
1797.14
1344.71
2162.03
1806.06
1915.79
1823.47
1560.78
1608.55
835.08
2000.39
1827.44
1662.88
1603.89
1996.18
1092.94
1023.65
1952.8
704.94
1915.79
1553.21
380.88
1894.85
1306.91
1152.99
764.24
1295.34
1649.04
1889.71
636.02
1589.65
1439.17
1506.38
1077.35
1780.07
2030.76
1632.42
1033.44
1606.63
1972.88
1394.55
1842.24
1193.72
1152.99
922.69
158.35
1313.95
1338.3
935.4
1987.44
1295.34
830.45
1284.51
1372.83
1416.98
682.22
1500.09
1612.43
1189.47
1796.98
616.27
1593.24
1396.28
924.65
1503.98
1809.91
150.34
1550.55
1557.94
1480.87
1119.17
1785.72
1366.61
1081.05
1077.12
1313.53
1577.55
1785.53
1778.65
1273.45
1013.78
883.11
1017.64
1807.42
1478.31
1755.18
1921.16
1897.19
1839.67
1737.86
1295.34
1793.52
1314.3
1202.69
1170.54
1416.98
1412.13
1067.81
2159.33
1490.51
1395.03
1605.84
879.65
1487.93
1720.21
1276.06
1269.1
2159.33
1170.54
1430.04
1612.43
1915.79
516.69
1468.46
1311.23
1092.94
731.28
1443.02
962.14
891.9
1747.22
1300.19
1050.05
1279.31
1513.28
1915.79
1116.62
1844.58
1862.13
1139.94
1360.76
897.26
1671.23
1356.46
2162.13
2159.33
1600.42
742.25
1682.33
616.27
1107.96
1701.23
2000.39
789.01
891.9
1345.66
1572.91
981.72
844.9
1682.08
1662.92
2030.76
1921.68
1819.41
872.19
1634.13
1394.55
1447.95
1631.49
1905.5
1705.24
1649.49
1155.05
1900.18
1787.57
1569.37
1624.11
1411.95
535.67
1269.1
795.8
1175.65
1951.77
1996.18
693.36
1077.35
1222.6
1550.04
1649.49
1847.26
1373.4
1568.41
1543.17
1386.33
1989.13
1550.04
1164.2
1568.41
1342.39
1539.47
1606.76
1951.77
1459.34
1780.07
1673.89
1489.99
1615.13
2197.33
1968.4
2143.74
1539
837.36
1116.8
2239.35
2132.85
1894.85
1394.55
1628.6
1237.62
406.91
1419.48
1447.39
1206.95
1090.35
1077.12
1944.62
1979.83
1682.1
2030.76
1921.18
1960.67
1746.74
1501.1
1691.68
1711.55
1231.67
1967.87
1915.79
1279.31
1776.48
1779.08
1858.36
568.17
788.53
1879.09
1558.12
1787.41
1899.69
1608.55
2050.62
1632.42
1988.56
1110
1752.03
793.58
1473.75
1699.56
1796.98
1238.04
1490.96
1295.14
2030.59
1661.61
710.25
1603.89
1776.62
844.9
1175.65
1600.1
1759.33
1832.34
1477.12
1302.97
751.58
917.79
1353.87
1421.36
718.71
1817.77
1222.6
1249.66
1718.76
1516.58
1050.25
1745.09
1455.85
1231.67
847.33
616.24
1408.25
1215.96
1710.98
844.9
2124.16
1048.28
2065.16
1466.95
1777.72
1793.07
1739.49
830.07
1918.89
1705.9
1152.99
1170.54
1705.27
1623.73
1360.76
1579.73
1703.02
1659.5
1624.01
1443.02
1761.68
1222.41
1476.48
1345.66
1612.43
1189.47
1612.43
1915.79
879.65
1468.19
1292.77
2004.34
1564.9
1276.06
891.9
978.13
1837.25
1625.46
962.14
1775.03
1477.12
1260.96
1625.53
1485.69
1456.34
509.52
1179.09
1758.03
877.17
916.02
879.65
1918.89
1448.72
1292.93
1785.72
1587.21
1499.24
828.16
1915.79
2030.76
1761.68
1833.56
1683.49
1501.1
1478.93
1852.24
793.58
1755.18
1785.47
1337.63
1235.69
1791.69
625.15
1603.6
1666.52
1917.57
1903.76
1478.93
1577.01
1449.26
1759.33
1673.7
913.29
1264.53
1273.45
1468.46
1449.26
1793.52
2159.33
1515.99
1116.56
1110
1282.84
1516.43
1116.31
2016.46
1745.18
1831.92
1269.1
1600.42
1662.92
331.74
2080
1372.83
1600.42
1674.09
1961.96
1842.1
1063.46
666.59
1432.75
648.57
1745.18
1757.81
1852.24
647
1412.13
1722.49
1476.48
1569.37
1458.63
902.09
1755.05
1152.99
1633.26
897.26
1543.17
1989.13
1643.68
850.57
1593.12
574.1
1633.26
2124.16
1832.34
621.12
1416.98
1179.09
981.72
1807.67
710.25
1593.24
1770.37
1589.65
1951.77
1682.98
1468.19
1780.07
1171.54
1430.04
1444.13
1612.43
1336.74
290.36
1092.94
1170.54
966.26
1775.03
1365.73
1950.3
437.4
1815.02
1485.05
1839.47
1807.67
355.57
710.25
1779.08
624.78
1154.77
1543.17
1515.99
1682.98
1367.64
1872.44
1354
1771.8
802.95
1462.01
1535.3
1285.23
1543.17
1714.8
1787.41
406.36
1170.54
935.38
1421.45
1557.94
922.69
1017.64
866.05
1288.31
1062.52
1623.73
1950.3
1879.09
1862.45
1387.17
2000.42
1902.37
1030.13
1220.35
682.22
1237.07
1513.04
1142.89
1788.75
2124.16
1539.47
872.19
1770.37
1267.98
1785.53
1745.09
1889.9
1639.55
1809.91
621.12
1478.93
1273.45
1133.45
897.26
1438.41
1586.22
1724.42
949.04
1550.04
1502.02
600.23
1624.68
1370.31
913.29
1865.67
1467.52
2159.33
1209.08
499.26
1203.93
1507.04
1952.8
1817.77
1701.23
1360.76
1492.64
1705.24
1628.6
1447.95
1438.52
2000.39
1372.83
1556.68
1447.95
1625.46
1979.83
1753.84
2124.16
1273.45
1183.16
1203.93
1438.52
1603.89
897.26
1881.36
1632.1
1097.95
1550.04
2016.46
1500.28
1487.93
1606.63
1561.2
1248.46
830.45
1367.64
1081.05
828.16
1215.84
1273.45
1698.94
981.72
1837.11
1780.07
962.14
1459.63
1556.7
718.3
1676.79
1206.95
290.36
788.53
640.56
1494.23
676.38
1589.65
1865.67
897.26
418.17
1696.72
1113.16
1691.68
1209.08
1575.87
1905.5
1844.58
1630.66
1396.28
625.15
1777.72
1704.06
1485.69
1048.28
1624.68
2016.46
1539
1459.63
1523.75
1114.9
1844.58
1809.83
2013.21
1023.65
1618.13
1573.12
1593.24
1458.63
415.96
1839.67
1454.05
1682.62
1419.88
866.76
1745.18
1961.96
1398.75
1842.1
1515.54
1502.02
1058.5
1531.2
2162.13
897.26
1113.16
2013.21
1676.79
1515.99
1839.05
1515.99
1513.04
1539.77
1543.17
1243.1
2159.33
949.04
676.38
2000.42
1410.58
1248.46
380.88
1398.94
844.9
718.3
1832.34
962.14
1539.47
1791.96
1755.05
1561.63
1873.19
1201.26
1179.09
1483.33
1921.68
1603.89
1710.72
1624.11
1314.3
891.9
1483.06
1539
962.14
1438.52
1696.65
1588.8
1206.95
1630.47
1449.26
1691.68
1746.74
1202.69
1881.36
1515.99
1779.12
1339.72
1903.76
1559.83
1906.35
1081.05
1158.68
1815.02
1705.9
1603.89
1152.04
1666.52
1759.33
1501.1
1640.78
1360.76
731.28
1603.6
751.58
1302.97
1639.55
2197.33
1273.45
1447.25
1710.72
897.26
640.56
1243.1
1077.35
1313.53
1557.2
924.65
866.07
1461.33
1116.31
1436.66
1423.85
1987.44
1429.72
1154.03
1116.31
1462.01
1787.41
1395.03
1439.17
1437.95
779.68
1510.57
924.9
609.73
1295.34
1696.86
1638.66
1897.19
1624.58
1696.65
841.27
1593.24
1839.05
1110.55
1980.99
1505.19
1714.8
594.93
574.1
1515.99
1229.41
1792.31
1452.17
1843.97
1257.31
1485.59
1593.12
1209.08
837.36
1944.89
1295.14
543.56
1110.55
946.39
1222.41
872.19
1531.2
1480.87
1561.2
2279.82
682.22
807.48
917.79
1110
1606.63
1557.2
1183.74
2214.64
1638.66
255.57
1519.98
1269.1
593.83
1171.54
1422.12
837.36
1724.42
1968.4
2030.76
788.53
290.36
1515.54
1295.14
1827.44
1560.78
1171.68
1691.15
430.86
664.43
1665.23
1384.78
718.3
648.53
1144.41
1438.52
1476.48
1423.86
1779.08
644.12
1349.04
802.95
1483.33
1696.65
1746.74
1673.7
1436.66
1847.08
1411.95
1815.02
1220.35
1572.91
866.76
1276.06
1683.49
601.81
1558.09
1705.24
1624.01
1658.97
1996.18
1659.5
1483.58
1170.54
1360.76
1202.46
897.26
1796.7
1612.43
1550.04
1306.64
1894.16
1839.47
1873.94
494.63
1171.54
1237.71
2080
1309.85
1133.45
1549.54
640.56
1787.57
1755.18
2159.33
1699.56
1793.07
1033.44
1905.5
1710.98
406.7
1337.63
913.29
1311.23
1478.93
1561.2
1389.11
1587.21
1444.13
1852.24
1412.13
1013.78
1166.93
1631.49
960.47
1579.73
1539.47
1444.13
624.78
935.38
1452.17
802.96
1395.03
1229.41
1826.93
1579.73
616.27
1502.02
1531.2
1823.47
1125.36
1264.53
1757.81
1586.21
1873.19
2214.64
2015.18
1871.76
1394.55
1295.14
1485.05
1410.58
1796.98
1796.7
589.11
1871.76
1897.37
1967.87
1800.86
1285.2
1346.14
1339.72
1311.23
1682.98
621.12
320.12
1116.31
807.48
1387.43
972.95
895.14
962.14
981.72
1193.72
1666.52
704.94
1492.64
2279.82
913.29
1761.68
1839.05
1448.72
1603.6
380.88
1483.58
1545.67
743.94
1375.88
1410.58
1206.95
2000.39
1423.85
1562.23
710.15
2337.73
1013.78
2000.42
1203.93
1416.33
1142.89
1243.1
631.5
1438.52
290.36
1466.95
1430.04
1833.24
290.36
1747.22
500.92
981.72
837.36
1260.96
1765.67
1421.07
1607.34
1478.31
950.24
1116.56
1120.1
1977.89
1705.9
1575.52
1862.45
1819.41
1590.82
883.11
1603.89
1434.84
686.23
1671.23
1062.52
1429.72
1406.95
1249.66
1710.72
2124.16
1306.91
1685.92
1745.18
1590.82
1467.52
1013.78
1588.8
1758.56
922.69
1632.61
1452.17
1005.67
1480.87
1017.64
2000.39
866.76
1170.54
1017.64
1249.66
1833.56
1432.75
1970.01
664.43
1342.39
1023.65
1862.13
1277.26
1718.76
1921.18
1588.8
1206.95
1295.34
1673.89
2119.83
648.53
2132.85
703.45
866.18
1716.13
1183.74
1458.63
658.14
1839.67
1513.04
1979.83
1980.99
1476.48
1671.23
1513.04
1837.25
1699.56
1459.63
872.19
837.36
1624.01
671.06
1649.04
1915.79
1342.39
2337.73
1590.82
1674.09
1502.02
1351.69
1755.18
1796.98
1989.13
600.23
1183.74
1050.25
1483.06
1803.97
1666.18
1506.38
1837.25
1444.13
1491.9
1682.33
1796.98
1539.47
2124.16
1183.74
1399.39
290.36
1649.49
1779.92
1690.82
671.06
1395.65
830.07
1013.78
1269.1
1081.05
540.97
1435.96
640.56
1742.34
1171.68
616.27
1120.22
1568.41
589.11
540.97
1590.82
1749.31
1292.77
1745.18
1661.61
1810.37
1682.33
1661.61
1671.23
1264.53
1746.74
1542.4
972.58
748.57
1113.16
1067.81
1501.1
666.59
1539.47
1852.24
1745.09
1345.66
1344.18
1154.77
1716.13
2162.03
1109.32
1606.63
1787.57
1300.19
1168.72
1535.3
1478.93
972.58
1222.41
1839.67
1840.75
2072.18
1421.45
1637.65
1826.93
1257.31
1979.83
1682.62
1683.49
1690.82
1279.31
1732.2
1439.17
1608.55
1505.19
1522.76
1528.91
1459.34
710.25
640.56
1785.53
1556.68
1013.78
1110.55
1487.93
1510.91
1492.02
625.15
875.39
1502.02
1665.23
1815.02
1561.2
2214.64
1844.58
2124.16
1434.42
1116.31
972.95
322
1154.77
1743.85
500.92
1429.72
1013.78
1555.48
1897.37
1421.07
1572.91
693.36
1490.96
1716.13
415.96
1452.17
1215.84
1447.39
2090.54
1549.82
802.96
1447.95
1077.12
204.58
718.3
1840.75
1502.02
658.14
1113.16
1826.93
568.17
710.15
2132.85
1659.5
1722.49
1944.62
1988.56
1295.34
1862.13
1292.77
1851.7
1662.92
1612.43
1661.61
1696.86
593.83
1777.72
511.23
1862.13
1520.73
860.32
1248.46
1017.64
1459.63
1513.28
1411.95
1900.18
1478.93
966.87
1549.82
847.33
1630.66
1849.58
2030.59
568.17
234.2
631.5
1630.66
1705.9
1897.19
1539.1
1502.49
1792.31
1643.68
1746.74
539.36
1683.49
2004.34
1561.2
1747.22
1889.9
1109.32
1953.03
1454.05
1116.56
1452.17
1324.64
1630.66
1539.47
1757.81
1438.52
2159.33
198.42
1758.03
1411.95
1419.88
666.59
1139.94
1968.4
1478.31
1705.9
1183.74
1809.83
1489.99
710.15
1077.12
1862.13
1114.9
616.27
1264.53
1776.48
1852.47
1515.54
648.53
1201.26
1171.68
866.07
1755.18
1248.46
1419.34
1367.64
1485.69
1573.12
1663.58
751.58
1410.58
1829.06
1699.56
457.49
1988.56
1394.38
1844.58
1778.65
1238.04
1253.76
664.43
1649.04
1685.92
851.24
1152.99
1745.18
568.17
1238.04
771.83
1248.46
1513.04
1366.61
813.95
1516.68
1033.44
1553.21
1881.36
866.07
1918.46
1166.93
1459.63
774.64
1839.05
1539.47
1930.24
1705.9
726.14
1691.68
1208.82
1839.05
1170.54
1671.23
1785.53
781.97
1171.68
1152.99
738.92
1031.34
1577.01
1977.89
1476.03
1235.69
1535.3
897.26
1447.25
1295.14
1663.58
1203.93
1915.79
1572.91
1685.92
1531.2
1017.64
1489.99
1951.77
1631.49
831.96
1588.8
1528.91
2014.72
1444.13
1351.69
1721.56
1398.94
1539
1742.34
1883.49
1346.14
1561.63
1116.31
1753.56
1915.79
647
1593.24
1931.21
1844.58
1109.32
1438.52
667.98
1250.66
1778.65
1170.54
1796.98
1202.46
621.12
1535.3
1558.12
1410.58
1761.68
1260.96
355.57
774.64
1757.81
2197.33
1809.91
1732.46
2013.21
1373.4
1630.66
1649.49
1565.16
1412.13
1468.19
1449.26
1705.24
1183.74
1865.67
1492.02
1022.81
752.69
715.19
1809.91
1338.3
1436.66
640.56
1222.41
1531.2
1695.08
1179.09
1367.64
1699.94
710.15
1889.71
1513.28
779.68
1779.92
1606.63
1739.49
1951.77
1022.81
1745.09
1696.86
1878.06
593.83
437.4
738.92
1550.04
1777.72
609.73
1732.2
1807.33
1215.96
1586.22
1050.25
648.53
1729.08
794.7
117.24
1229.87
1961.96
1793.07
1590.82
1951.77
1729.08
2159.33
1699.56
1398.94
1455.85
1643.96
658.14
1523.75
1462.01
1968.4
1862.13
1599.27
650.68
1447.39
1476.48
784.52
1577.01
1302.97
2050.62
1368.94
1777.72
2214.64
795.8
1918.89
128.91
1987.44
1302.97
1765.67
1787.41
1154.03
1968.4
1988.56
1682.33
1742.34
415.96
1490.96
1862.13
1682.33
1500.09
1759.97
418.17
1862.13
1384.78
1366.61
234.2
1918.89
290.36
282.89
1110
913.29
1724.42
1720.21
1437.95
1779.12
1605.84
1365.73
1557.27
830.07
830.07
1745.18
1273.45
1806.06
1485.59
1513.28
1384.78
1691.15
2124.16
616.24
1523.26
1202.46
1968.4
866.07
640.56
962.14
1113.16
1349.04
962.14
1587.21
1395.65
1847.84
780.15
1915.79
800.18
1952.8
1930.24
1436.66
1238.04
1453.25
949.04
1696.86
1366.61
969.85
1586.22
1339.72
837.36
535.67
879.65
499.26
1858.36
1989.13
1832.34
924.9
1189.47
667.85
1483.06
1745.18
1022.81
917.79
1671.23
1691.68
570.99
1360.76
631.5
1012
1231.67
2159.33
738.92
162.18
1273.45
1883.21
1491.9
1918.89
1931.21
1269.1
1623.81
1931.21
1295.34
949.34
1142.89
1710.98
1662.92
1624.68
1119.17
1683.49
1865.67
1603.6
1112.02
1979.83
1964.86
1434.42
1685.92
1120.1
1017.64
2015.18
1777.72
1489.99
1577.55
1747.22
1467.52
647
1562.23
780.15
1339.72
150.34
1686.98
1745.09
1663.58
1193.72
1395.03
1658.97
1971.23
1600.42
1438.52
1494.23
682.22
1833.56
1701.23
1142.89
1817.77
1273.45
1765.67
2090.54
1539.1
600.23
981.72
1506.38
1979.83
1501.1
1216.36
1500.09
1048.28
1344.18
1760
1502.02
1897.19
1473.75
1229.41
1846.41
1612.43
1666.29
1183.74
1557.2
482.65
907.19
1459.63
1590.82
1586.21
1522.6
1776.48
1865.67
601.81
960.47
1719.37
1556.7
1703.2
1365.21
1292.77
1295.34
1116.56
1550.55
1013.78
1827.18
1163.1
1671.23
500.92
1017.64
1256.92
922.69
464.07
1765.67
1673.89
568.17
966.26
1875.72
1858.36
1107.96
1944.89
1522.6
1623.73
1600.42
1459.34
2143.74
831.96
631.5
1967.87
1691.68
631.81
1785.47
1943.24
1506.38
897.26
1556.68
1423.86
1260.96
1306.91
1309.85
1671.23
1531.2
2080
1454.47
1588.8
1624.87
1695.08
1448.72
2050.62
1067.81
1423.86
1438.41
1671.23
2164.15
574.1
897.26
1394.55
1899.69
1719.37
1277.26
1849.58
1600.1
1625.46
1455.85
966.87
837.36
1806.06
221.23
1842.24
1979.83
1798.38
1696.72
877.17
1513.04
1523.26
1829.06
128.91
1691.15
1624.58
1110.55
1979.83
1265.57
1339.72
1434.71
1567.43
1492.02
1483.58
1623.73
1201.26
1803.97
738.92
1314.3
1324.64
1339.72
676.38
666.59
648.53
1384.78
406.7
1501.1
1077.35
1539
1987.39
1809.29
1557.27
1944.89
1523.26
1367.64
1568.41
2079.14
1171.68
678.74
1208.82
1189.47
1619
1776.48
1917.57
625.15
290.36
1724.42
1264.53
1743.85
1085.4
1889.71
1203.93
1565.16
1344.18
1516.68
962.14
1110
1883.21
1336.74
2047.06
1507.04
1336.74
897.26
1645.06
1980.99
1796.98
1557.2
1156.55
2097.69
1165.44
793.58
1577.01
848.42
1635.5
844.9
1305.54
1170.54
1625.46
1155.05
2132.85
1235.69
1165.44
1588.8
570.99
1710.72
1557.2
1798.38
1833.24
448.34
589.11
1673.7
1833.24
1269.1
1944.89
872.19
1189.47
1386.33
748.57
2143.74
1374.91
1092.94
1915.79
1727.1
1489.99
972.95
1050.05
1437.95
1623.73
1740.85
1506.38
1729.08
1565.16
1170.54
1839.05
1615.13
1688.9
1758.03
198.42
1691.38
1483.06
1685.92
624.78
764.24
1945.95
1847.08
1573.12
981.72
1603.89
1979.83
1765.67
1189.47
1618.13
1705.24
962.14
1815.02
1698.94
1483.06
1113.16
1282.8
972.58
1777.72
1846.41
1193.72
1930.24
2337.73
1798.38
1395.03
1603.6
962.14
1237.62
1432.79
837.8
1459.34
1516.43
1852.47
418.17
2030.76
1628.6
1556.68
1770.37
1608.55
1788.75
648.53
738.01
715.19
1500.28
774.64
1917.57
1662.92
2013.21
1671.23
1394.38
1110.6
494.63
960.47
1556.7
1536.6
1699.56
616.27
1165.44
1403.6
1282.8
1628.66
1154.77
1163.1
1603.6
1578.97
2124.16
1097.95
322
522.58
678.74
2030.76
1777.72
1746.74
1500.09
1593.12
1510.91
1807.42
1875.72
860.32
1897.37
1528.91
1558.12
960.47
1500.09
1757.81
356.17
1900.18
1839.05
1539.1
1522.76
1085.4
1796.98
1209.08
1656.28
1519.98
1372.31
962.14
1673.89
1862.13
1586.22
564.16
866.76
1842.1
743.94
1777.72
2024.2
1478.93
1168.72
1663.58
1243.1
992.4
1826.93
1222.6
1300.19
1392.1
1916.37
835.54
1398.75
1970.01
1577.01
1251.14
1632.61
2124.16
1354
418.17
1455.85
1398.94
785.59
1110
1518.93
402.81
1674.09
644.12
1520.73
1228.94
1796.7
1649.49
1878.06
1458.63
1501.1
437.4
966.87
1107.96
1829.06
1253.76
1682.1
2000.39
1642.15
1309.85
1525.26
1208.82
1623.73
644.12
1696.86
1539.77
1166.93
667.98
726.14
2050.62
1361.08
1416.33
1804.68
1752.18
1237.07
1624.11
1557.27
1146.78
1785.47
1623.81
1590.82
2030.76
1506.38
1921.18
1489.99
1745.09
872.19
1377.35
1643.96
1798.47
1423.85
1116.62
2248.12
1312.16
1403.48
1565.16
1577.01
1437.95
1145.33
1468.01
1295.34
2065.16
1228.94
1757.81
1770.37
1827.44
2162.13
1345.66
1312.16
1395.65
1633.26
1421.45
1038.42
1309.85
1682.08
1449.26
1809.29
1612.43
1300.19
1238.04
636.51
1152.99
1819.41
1501.1
1273.45
1944.89
1423.85
1696.65
1905.5
1758.03
1624.11
1612.43
1628.6
1110.55
500.92
1539.1
1952.8
1737.86
1871.76
1943.24
1796.98
1918.46
1157.87
1183.74
1367.64
1796.7
1572.91
1605.84
1145.33
1666.29
1575.52
710.25
2050.62
1411.95
1951.77
1696.86
1050.05
1030.13
1558.09
1776.48
1780.07
1649.04
1238.04
1837.25
1807.42
1918.89
1412.13
1605.84
1883.21
355.57
799.12
1439.17
813.95
1175.65
1190.16
1913.87
1311.23
1260.96
924.9
1206.95
1721.56
1590.82
1253.76
891.9
1793.52
1565.16
1561.2
852.02
1951.77
1461.33
1522.76
1050.05
1515.99
1749.31
1510.57
1229.41
731.28
546.04
1612.43
950.24
1458.63
1793.07
1305.54
2143.74
1873.19
1718.71
1612.43
1643.96
1458.63
1897.37
1780.07
1565.16
1944.89
2214.64
1847.84
1747.22
1612.43
1558.12
1851.7
897.26
511.23
2124.16
1880.76
1847.84
905.79
1579.73
1970.01
1513.04
1615.13
1732.46
1979.83
1116.62
1649.49
743.94
1295.34
1556.68
616.24
1584.73
1640.78
1752.18
1749.93
1587.21
1201.26
1222.41
1356.46
1906.35
1902.37
1461.33
1745.18
1133.45
981.72
902.09
1606.63
1612.43
1110
1519.98
1829.06
2079.14
1879.09
1549.54
1202.46
1828.37
1058.5
1603.6
962.14
1739.49
1338.3
972.95
1228.94
1682.08
1459.63
1478.31
1443.96
1663.39
1593.12
2016.46
1970.01
2090.54
290.36
1435.96
1110.55
1403.6
2143.74
718.71
1619
877.17
1171.68
1295.34
2050.62
1728.07
1632.1
1696.65
664.43
748.57
1120.1
1649.42
1560.78
1691.68
1695.08
669.85
1513.28
1478.31
872.19
1628.6
1807.42
1944.89
1827.18
1847.08
1522.45
835.08
1238.04
2248.12
1376.59
1666.52
1515.99
1593.12
972.58
1921.18
1930.24
482.65
1719.37
1165.44
897.26
1749.31
1295.34
1883.49
1776.48
1593.12
710.25
1361.3
897.26
1468.01
1587.21
993.55
1807.67
1557.2
1336.74
935.38
1455.85
972.95
2090.54
1311.23
1273.45
1827.44
1454.05
950.24
1228.94
1522.45
841.27
624.78
546.04
544.12
1344.71
1745.09
715.19
1624.11
1797.14
1915.79
1539.47
2162.13
1930.24
802.95
1494.23
2143.74
1374.9
1683.49
1349.04
1017.64
1632.61
1345.66
1251.14
1237.62
1642.15
1777.14
1437.95
1149.07
1653.69
807.48
917.79
935.4
1698
1606.63
1435.96
860.32
927.98
1423.86
969.85
1500.09
290.36
1496.46
981.72
837.36
1900.18
785.59
1996.18
1237.07
1590.82
1918.89
1423.85
874.99
1831.92
1807.42
1788.75
866.07
981.72
1238.04
1921.68
589.11
1120.1
2014.72
1459.63
1844.58
1606.63
1606.63
1739.49
1587.8
1943.24
1862.45
1490.96
1659.5
1703.2
752.69
1572.91
1180.63
1779.08
857.42
303.94
695.66
1338.3
897.26
1858.36
1063.46
1535.3
1265.57
874.99
1419.88
1661.61
1780.07
1542.4
1843.97
789.01
1580.95
742.25
1728.07
1170.54
1189.47
788.53
1663.58
1479.01
1273.45
1988.56
1603.6
1202.9
2024.2
1175.65
1487.93
2065.16
1796.98
1170.54
1539.47
1430.04
1444.13
1396.28
1915.79
738.92
1580.95
1600.42
1793.07
1968.4
2197.33
2337.73
639.73
1515.99
1826.08
1389.11
850.57
640.56
1134.47
1952.8
1373.4
1466.95
1759.97
748.57
1682.1
1558.12
1696.72
500.92
1116.8
1710.53
1796.98
922.69
1145.33
1979.83
1719.37
1702.81
1510.57
1116.31
500.92
1953.03
1483.77
1248.46
2197.33
1499.24
1759.97
1256.92
1593.12
1796.7
1776.48
1788.75
873.97
1837.11
1229.87
1406.95
1889.87
1577.01
1777.72
1865.67
1785.47
621.12
1302.97
1116.62
1423.85
1913.87
1277.26
1918.89
1366.61
1494.23
1190.16
1630.47
1478.11
1163.1
2000.39
1883.21
1389.11
1155.05
1107.96
1577.55
2239.35
616.27
1807.42
1487.93
2143.74
1454.05
1921.68
640.56
1742.34
1264.53
924.65
1492.02
1013.78
1459.34
1557.27
1228.94
1918.46
1577.01
924.9
1649.04
1443.02
1372.31
1345.66
1943.24
1513.04
1631.49
1179.09
1206.95
1745.09
1642.15
1612.43
793.58
1459.34
1839.05
1682.08
1807.42
1988.56
847.33
1535.3
1831.92
1628.6
1295.14
1852.47
704.94
1502.02
1513.28
1543.17
1865.67
837.8
1337.63
1806.06
922.69
1623.73
1777.72
1507.04
1796.98
1116.56
1843.97
1572.91
1575.87
1839.05
731.28
1300.19
1022.81
1796.98
1719.37
459.21
1269.1
1317.33
1189.47
1944.89
1133.45
1829.06
1778.65
847.33
1502.02
1930.24
1589.75
1649.42
1502.49
1202.46
1798.38
1456.34
1624.58
1492.02
1832.34
1361.3
640.56
1656.28
1849.58
835.08
1608.6
1593.24
1634.13
1459.63
966.87
779.66
1721.56
1625.46
924.9
1476.48
1889.71
1510.91
1968.4
539.36
1500.09
600.23
1287
831.96
874.99
873.97
1513.28
710.15
1915.79
1279.31
1273.45
1575.52
1349.04
1462.01
1578.97
1344.71
1487.93
1265.57
1466.95
1691.68
924.65
678.74
1180.63
574.1
2214.64
1745.09
1398.94
924.9
494.63
1516.68
1447.95
1465.72
1183.74
1696.86
1166.93
1398.94
1535.3
1775.03
1663.58
1776.48
1745.18
1109.32
1745.09
1366.61
1455.85
1542.4
1561.41
835.54
1499.68
1295.34
1403.48
1842.24
2159.33
1758.03
897.26
1671.23
956.61
913.29
1915.79
924.9
1480.87
731.28
1353.87
1918.89
1116.31
1674.09
1430.04
1815.02
234.2
1265.57
1905.5
1921.68
693.36
1539.1
1632.42
1915.79
1716.13
1879.09
1371.86
1547.5
875.39
1539.1
785.59
789.01
1865.67
225.12
1996.18
640.56
658.14
1502.02
1349.04
2159.33
1837.11
1862.13
2079.14
949.04
1837.25
1623.81
1797.14
1058.5
639.73
1572.91
1556.7
1674.09
666.59
1653.69
2197.33
1092.94
1149.07
751.58
1787.41
1809.83
1568.41
1883.21
1615.13
1586.21
917.79
1134.47
1796.98
2065.16
2030.59
1833.56
666.59
1624.11
1443.02
1988.56
1349.04
1376.59
1586.22
1265.57
631.5
1870.43
2090.54
1490.96
1809.91
1360.76
1375.88
1518.93
1837.25
802.95
897.26
1980.99
1757.81
546.04
1539.1
1550.04
1513.04
1847.26
1900.18
1387.17
731.28
1921.09
1422.12
1559.59
785.59
1503.98
1356.46
1499.24
1311.23
1501.1
1844.58
1673.7
631.5
1661.61
669.85
1215.96
1342.39
1952.8
1823.47
1623.81
1714.8
1473.75
1793.07
1559.59
1779.12
1881.36
1396.28
1406.95
1560.78
1116.56
1749.31
1705.9
1989.13
1356.46
1793.07
2132.85
682.22
1243.1
715.19
1690.82
1406.95
1695.08
1421.07
437.4
1398.94
1175.65
1475.4
1017.64
1787.57
1921.16
1452.17
1971.23
564.16
1588.8
1033.44
1608.55
1267.98
1109.32
1586.22
1832.34
1432.75
648.57
1458.63
1449.26
1507.04
1851.7
1711.97
1375.88
1718.79
1823.47
1525.26
1584.73
1394.55
1624.58
1549.82
1925.32
1261.41
813.95
1840.75
748.57
1798.47
1661.61
1459.63
1432.79
1779.08
1466.95
1889.71
1872.44
1364.54
1721.56
866.07
969.85
1113.16
710.25
1833.56
1989.13
1539.47
1476.03
1599.27
255.57
1599.27
1164.2
1203.93
1492.02
982.64
710.25
1747.22
962.14
2090.54
1780.07
500.92
1577.55
640.56
850.57
1793.07
1448.72
1235.69
1590.82
1577.01
1202.46
2072.18
1673.7
1513.28
1624.87
1450.67
1430.04
546.04
1432.75
1787.57
703.45
621.12
879.65
1649.04
1843.97
1351.69
1967.87
1225.63
1344.18
1952.8
1156.55
1793.07
789.01
1339.93
1584.73
852.02
1776.48
1282.8
1149.07
1759.97
1366.61
1295.14
1897.87
1967.87
1473.75
1807.42
1081.05
1109.32
1077.35
1785.53
1349.04
1793.36
1603.6
1237.62
1228.94
866.18
1918.89
1776.48
418.17
1458.63
1819.41
1943.24
751.58
1765.79
1575.52
869
332.06
1780.07
1515.99
1386.33
1022.81
789.01
1593.12
1721.56
1443.96
1739.18
1770.37
1435.34
1288.31
1624.01
972.58
1344.18
1832.34
1360.76
866.07
631.5
897.26
1839.05
1883.21
1749.31
2013.21
1145.33
1603.6
1492.02
1202.69
1373.4
2132.85
866.05
1662.92
1779.92
2013.21
1514.4
1438.41
1535.3
1880.76
841.27
837.36
1472.53
1549.82
872.19
835.08
1395.65
1110
1720.21
1494.23
1356.46
1792.31
1578.97
1586.22
303.94
437.4
1987.39
1587.21
841.27
1827.18
1271.52
924.9
779.66
1444.13
1209.08
2097.69
872.19
1545.67
1494.23
764.24
1809.83
1171.68
648.57
1336.74
1796.98
1695.08
1273.45
1871.27
1337.63
631.5
1787.57
1883.21
1456.34
2132.85
1276.06
2214.64
1166.93
1694.37
1295.14
1459.34
710.25
1344.18
669.85
1361.3
1452.17
1501.1
710.15
682.22
1577.55
1539.1
1987.39
1930.24
1623.73
804.96
935.4
1133.45
949.34
1671.23
866.18
1416.98
2124.16
1423.86
1483.06
1666.18
437.4
852.02
1883.49
1342.39
2000.42
1109.32
905.79
1752.18
897.26
1510.57
1649.49
1683.49
1165.44
150.34
1900.18
1394.38
2073.13
1513.28
1515.54
1394.38
1921.18
1696.72
1662.88
1575.87
1847.26
795.8
1842.1
1539.47
1562.23
1730.86
1872.44
1434.84
1344.18
1839.05
1831.92
1269.1
1796.7
1339.93
516.69
1109.32
1915.79
1951.77
1237.07
922.69
1705.27
883.11
1478.31
1921.18
1277.26
1603.89
1510.91
1691.68
1081.05
1699.94
1203.93
1022.81
1120.22
1630.47
1516.58
1501.1
1302.97
1500.09
828.16
1763.16
1398.94
1492.02
990.84
2214.64
1807.42
1248.46
1918.89
1220.35
1779.08
1510.91
1260.96
1295.14
1478.31
907.19
666.59
1674.09
1353.87
290.36
1875.72
1237.07
1839.05
1107.96
1451.85
676.38
1883.21
1587.8
1819.41
1478.93
1366.61
1881.36
1302.97
1606.76
883.11
1419.88
1158.68
1267.98
1013.78
2024.2
1701.23
1557.2
1193.72
897.26
1732.46
2337.73
1788.75
448.34
1229.87
1109.32
1548.87
1531.2
669.85
1745.09
1459.34
150.34
1557.2
1770.37
1337.63
1691.68
1448.72
1077.12
1809.91
1688.9
570.71
2239.35
1113.16
1730.86
1643.96
1398.94
1844.58
1478.93
1189.47
1728.07
678.74
1229.87
175.53
1852.24
695.66
640.56
1915.79
1826.08
874.99
1500.09
1580.95
1967.87
1809.29
648.53
1638.66
1277.26
1885.87
1261.41
1894.85
1306.91
2143.74
1485.05
1649.49
1154.03
1485.4
648.57
1631.49
1422.12
802.96
1133.45
1499.68
1412.13
1721.56
255.57
1696.72
1643.96
1017.64
1090.31
788.62
1497.46
1033.44
1384.78
1455.85
1107.96
1560.78
1585.02
1146.78
1696.86
1612.43
738.92
1603.89
848.42
1826.93
1846.41
1133.45
1029.87
922.69
1542.4
837.36
752.69
1175.65
949.34
1752.72
1915.79
1109.32
2000.42
1468.01
1987.44
1339.93
1201.26
1339.93
667.98
1394.38
1394.38
1516.43
1979.83
695.66
1311.23
1449.26
1682.62
636.51
1077.12
1403.6
1062.52
2015.18
1843.97
1167.78
1367.64
1312.16
1632.61
1568.41
1376.04
1269.1
946.39
2124.16
1183.74
2279.82
1183.74
866.76
1967.87
1656.28
1587.8
1250.66
631.81
1513.04
1175.65
1273.45
1058.5
1208.82
1344.71
1797.14
1499.24
1109.32
1421.07
848.42
1295.34
1337.63
1732.46
2000.39
1590.82
1302.97
1815.02
935.4
1705.27
1276.06
1662.92
1179.09
1202.9
1623.73
1682.1
1837.11
682.22
1077.35
2159.33
1666.18
902.09
1225.63
1979.83
1770.37
2014.72
1623.73
1557.94
1588.8
1878.06
1436.66
1865.67
1411.95
1485.69
1372.31
774.64
1168.72
1858.36
1048.28
2124.16
1862.13
1968.4
1539.77
950.24
1588.8
1842.24
359.1
1443.96
1435.96
1572.91
1606.76
1403.48
1305.54
789.01
482.65
1264.53
1780.65
1980.99
1776.48
1798.47
1492.02
1915.79
1492.02
1858.36
950.24
1787.41
648.53
966.87
1229.41
1410.58
1120.1
1624.11
1142.89
1549.82
1605.84
1649.49
1372.83
1193.72
1649.04
1346.14
1565.16
1881.36
1593.12
1302.97
1311.23
1690.82
1269.1
1374.9
738.01
872.19
1448.72
1705.9
1029.87
830.45
1145.33
1710.53
1398.94
1279.31
1114.9
1883.49
1513.28
1624.11
1632.61
1421.45
1238.04
779.66
1170.54
710.25
972.58
1785.47
1970.01
1273.45
1970.01
1180.63
1152.99
1281.64
978.13
1030.13
1279.31
1603.89
1394.38
962.14
1607.34
1760
1539.77
1416.98
1711.97
1561.41
1988.56
1865.67
1238.04
1361.3
1419.34
1287
1513.28
1550.04
1171.68
500.92
1745.18
1155.05
802.95
1238.04
1624.58
897.78
1593.24
1560.78
418.17
1395.03
1556.7
1611.66
1729.08
1807.42
1514.4
1449.26
1295.14
1913.87
1615.13
1639.55
1833.56
1513.28
1726.51
1780.07
1921.09
1084.79
784.52
1747.22
862.61
1395.65
1837.11
683.1
1871.76
1081.05
835.54
1077.35
1793.07
1561.41
1522.76
1603.6
1447.95
1608.55
1097.95
1392.1
935.4
1467.52
1722.49
1045.96
1478.11
1503.98
437.4
1220.35
897.26
1513.04
1839.67
1062.52
1396.28
718.71
1683.49
543.56
1058.5
621.12
1360.76
1558.12
1987.39
1447.39
1354
1894.85
788.53
883.11
1889.71
1430.04
1317.33
1539.77
1539.47
1166.93
1944.88
1284.51
845.35
2214.64
2239.35
1846.41
1611.66
1237.07
482.65
1587.21
1198.24
1586.21
1507.04
1237.71
543.18
1980.99
1881.36
1029.87
1465.72
1572.91
1238.04
1572.91
1881.36
1116.62
799.12
1656.28
1771.8
880.41
631.5
522.58
1960.92
1600.1
1351.69
1897.37
1311.23
1862.13
1575.87
1577.01
1823.47
1980.99
1483.77
1366.61
1623.73
852.02
683.1
1539
1634.04
1284.51
1556.78
860.32
1852.24
1746.74
1837.11
2050.62
1996.18
1792.88
1438.41
2197.33
1776.62
960.47
1058.5
929.16
1755.05
1152.99
1505.19
1755.18
1468.19
1203.93
1447.95
1110.6
1276.06
835.54
322
1737.86
795.8
1662.92
860.32
1691.15
1491.9
1264.53
802.96
1473.75
897.26
1577.55
1506.38
1116.62
2159.33
1865.67
1107.96
1465.9
1839.05
1058.5
1839.05
1113.16
1593.12
538.36
682.22
2050.62
1017.64
828.16
1610.25
866.76
1603.6
1832.34
1429.72
1852.24
1837.11
1610.25
1844.58
1902.37
1306.64
1478.93
1531.2
1543.17
960.47
1216.36
1520.73
1515.99
1364.54
1682.33
1691.15
1238.04
1683.49
1694.37
648.53
682.22
1730.86
1485.59
1492.08
1749.31
1691.68
1198.24
1146.78
1599.27
1447.25
841.27
1897.37
1419.48
1897.37
1550.04
1977.89
1113.16
1489.99
1739.49
1779.08
1366.61
601.81
624.78
1338.3
1406.95
897.78
851.24
1694.37
1416.98
1752.18
1183.74
1792.88
1833.24
1770.37
1180.63
1523.26
1587.21
785.59
962.14
573.58
1198.24
1815.02
1996.18
290.36
1366.61
1608.55
1649.04
1603.89
1842.1
1997.52
1902.37
1523.26
1956.89
1120.1
917.79
290.36
1643.96
1491.9
1367.64
1513.04
1600.42
2162.03
1776.48
1746.74
1608.6
1313.53
1499.24
1565.16
2030.76
1951.77
1312.16
794.7
1483.06
1480.87
1396.28
1434.42
1421.45
1852.47
1152.99
1229.41
1432.75
290.36
1561.2
1623.73
1671.23
1478.11
1206.95
1179.09
1510.57
1353.77
482.65
1548.87
949.34
1624.11
1085.4
2030.59
962.14
1639.55
1944.89
1745.18
1682.1
1809.29
1271.52
1803.97
564.16
1269.1
2214.64
1339.72
1516.68
1109.32
1502.02
290.36
1485.05
1437.95
1215.96
1889.71
1944.88
402.81
1510.91
406.36
1579.73
1372.83
1568.41
1483.48
1779.08
1663.58
540.97
128.91
1365.21
738.92
1589.75
1077.12
621.12
1796.98
949.04
1851.7
1522.45
830.07
800.18
1295.34
1779.92
1550.55
666.59
1611.66
1588.8
1285.23
546.04
850.57
1372.31
1455.85
982.64
1365.73
837.36
1699.56
647
1225.63
1785.53
1556.68
2014.72
1587.21
1403.48
946.39
1699.94
788.62
1608.55
1113.16
1593.24
1349.04
1515.99
1459.63
1562.23
1608.55
1478.93
1930.24
1758.56
877.17
802.95
1902.37
1373.4
738.92
1979.83
1705.27
1645.06
1222.41
686.23
1235.69
2016.46
1550.04
1852.24
1726.51
780.15
1673.7
1663.39
1915.79
1112.02
1158.68
835.08
1535.3
2214.64
1152.99
1798.47
1608.55
1206.95
704.94
1645.06
835.54
1468.19
658.14
1120.22
1487.93
1309.85
1785.47
1846.41
873.97
1796.98
903.3
683.1
1447.39
1142.89
686.23
1577.55
1798.47
1237.62
1543.17
1077.12
1353.87
1543.17
1507.04
1492.02
1606.63
1387.43
457.49
589.11
1572.91
1209.08
1171.68
640.56
1366.61
418.17
852.02
1618.13
780.15
1356.46
1429.72
1478.93
1612.43
1113.16
1548.87
1639.12
1662.92
1489.99
1931.21
1483.33
1691.68
1791.69
1606.63
1832.34
1372.31
1701.23
1447.25
1337.63
1729.08
1432.79
1758.03
1980.99
1889.87
1839.67
1593.12
1492.02
1502.02
1645.06
1090.35
1410.58
1133.45
1603.6
1899.69
1170.54
1879.09
1360.76
1261.41
1466.95
1395.65
1915.79
1745.18
625.15
738.92
290.36
1430.04
2030.76
1585.02
1623.73
1017.64
966.87
1705.24
1413.52
1394.38
1467.52
1324.64
1956.89
1611.66
764.24
1228.94
1499.68
1229.87
2124.16
1539
669.85
1183.74
676.38
731.28
1745.09
1062.52
1643.96
1829.06
1542.4
1557.2
1945.95
873.97
1344.71
1459.63
1372.31
1366.61
678.74
1815.02
1559.59
1435.34
464.68
1344.18
1682.1
1539.77
1017.64
1972.88
929.16
946.39
1435.96
1273.45
1913.87
446.94
1013.78
1921.68
1862.45
877.17
1372.83
1050.05
625.15
1429.72
1793.36
1755.18
380.88
1831.92
1870.43
1685.92
1452.17
1807.42
924.65
875.39
1711.55
1649.04
1698.94
1423.85
1206.95
1450.67
1062.52
648.53
2015.18
916.02
1215.96
1421.36
1017.64
1222.6
1588.8
1894.16
1573.12
535.67
1515.54
1448.72
1593.24
1520.73
1366.61
1796.7
1515.54
1661.61
1930.24
1649.42
924.9
